{'ur_ros_plane': Frame(Point(0.314, 0.144, 1.087), Vector(-0.682, 0.731, 0.000), Vector(-0.731, -0.682, 0.000)), 'ur_rhino_plane': Frame(Point(0.517, 0.822, 0.938), Vector(0.982, 0.186, 0.014), Vector(-0.187, 0.982, 0.010)), 'T_roscf_wcf': Transformation([[-0.5333, 0.8458, -0.0117, 0.57579999999999998], [-0.84570000000000001, -0.53349999999999997, -0.012800000000000001, 1.1788000000000001], [-0.017100000000000001, 0.0030999999999999999, 0.99980000000000002, -0.14360000000000001], [0.0, 0.0, 0.0, 1.0]]), 'reference point': [[-0.14849999999999999, 0.34255117766515403, 0.0], [-0.0484999999999998, 0.34255117766515403, 0.0], [0.051500000000000198, 0.34255117766515403, 0.0], [0.1515, 0.34255117766515403, 0.0], [0.22240802195430001, 0.29988036129456602, 0.0], [0.27240802195429997, 0.21327782091612199, 0.0], [0.32240802195430002, 0.12667528053767799, 0.0], [0.37240802195430001, 0.040072740159234198, 0.0]], 'segment_id': 'A_00'}

{'points_cad': [[-0.37240802195430001, -0.040072740159234198, -1.7349474813654399e-17], [-0.32240802195430002, -0.12667528053767799, -1.2382150182242001e-17], [-0.27240802195429997, -0.21327782091612199, -7.4148255508295397e-18], [-0.22240802195430001, -0.29988036129456602, -2.4475009194170999e-18], [-0.1515, -0.34255117766515403, -1.00339957554531e-17], [-0.051500000000000198, -0.34255117766515403, -3.4108962469032198e-18], [0.0484999999999998, -0.34255117766515403, 3.2122032616467001e-18], [0.14849999999999999, -0.34255117766515403, 9.8353027701966204e-18]], 'T_local': Transformation([[0.99946875868102592, 0.031484520852362571, -0.0084217199731532119, 0.05774829474320875], [-0.031604708272158125, 0.99939467484876232, -0.014540505457811128, 0.052517857343361007], [0.0079588212469464282, 0.014798946943414486, 0.99985881420014766, 0.0066798845033586574], [0.0, 0.0, 0.0, 1.0]]), 'ur_ros_plane': Frame(Point(-1.872, -4.291, 1.087), Vector(-0.474, -0.881, 0.000), Vector(0.881, -0.474, 0.000)), 'ur_rhino_plane': Frame(Point(0.578, -0.921, 0.917), Vector(-0.180, -0.984, -0.014), Vector(0.984, -0.180, 0.009)), 'T_global': Transformation([[0.99501102123481233, -0.099592736471592835, -0.0058612680672342011, 1.9512730898306141], [0.099539740924154407, 0.99499529575511136, -0.0087293414385577195, 2.6741905359673535], [0.0067013131555185169, 0.0081023618345871691, 0.99994472053943717, -0.12822616397861941], [0.0, 0.0, 0.0, 1.0]]), 'segment_id': 'F_00', 'ur_base_measured': Frame(Point(0.586, -0.830, 0.927), Vector(-0.174, -0.985, 0.003), Vector(0.985, -0.174, 0.004))}

